"Registered" "Date" "Year" "Month" "Day" "Hour" "Holiday" "WorkDay" "Weather" "Temp" "TempFeel" "Humidity" "Windspeed" "Casual"
"13151" 19 "2012-07-07" "2012" 7 6 3 0 0 1 0.74 0.7121 0.74 0.1343 12
"2357" 2 "2011-04-13" "2011" 4 3 2 0 1 3 0.4 0.4091 1 0.2985 0
"2614" 199 "2011-04-23" "2011" 4 6 19 0 0 1 0.56 0.5303 0.83 0.2836 84
"6646" 234 "2011-10-09" "2011" 10 0 11 0 0 1 0.62 0.6212 0.53 0.0896 189
"15" 71 "2011-01-01" "2011" 1 6 14 0 0 2 0.46 0.4545 0.72 0.2836 35
"17264" 3 "2012-12-27" "2012" 12 4 4 0 1 2 0.24 0.2121 0.87 0.3284 0
"6781" 39 "2011-10-15" "2011" 10 6 2 0 0 1 0.46 0.4545 0.59 0.194 17
"12228" 320 "2012-05-29" "2012" 5 2 16 0 1 1 0.82 0.7727 0.49 0.4925 73
"10350" 547 "2012-03-12" "2012" 3 1 8 0 1 1 0.34 0.3333 0.61 0.1343 17
"2006" 46 "2011-03-29" "2011" 3 2 10 0 1 1 0.3 0.2727 0.24 0.2985 13
"13595" 223 "2012-07-25" "2012" 7 3 15 0 1 1 0.78 0.6818 0.31 0.0896 94
"11284" 668 "2012-04-20" "2012" 4 5 8 0 1 1 0.44 0.4394 0.94 0 32
"12229" 674 "2012-05-29" "2012" 5 2 17 0 1 1 0.82 0.7576 0.46 0.4179 107
"11651" 300 "2012-05-05" "2012" 5 6 15 0 0 3 0.66 0.6212 0.74 0.194 241
"868" 61 "2011-02-08" "2011" 2 2 14 0 1 1 0.22 0.197 0.37 0.4179 3
"16223" 282 "2012-11-13" "2012" 11 2 16 0 1 1 0.38 0.3939 0.4 0.2985 28
"16518" 40 "2012-11-25" "2012" 11 0 23 0 0 1 0.22 0.2576 0.69 0.0896 1
"13780" 718 "2012-08-02" "2012" 8 4 8 0 1 1 0.72 0.697 0.74 0.1045 21
"533" 171 "2011-01-24" "2011" 1 1 8 0 1 1 0.04 0.1364 0.49 0 6
"6689" 114 "2011-10-11" "2011" 10 2 6 0 1 1 0.52 0.5 0.83 0.0896 9
"14851" 182 "2012-09-15" "2012" 9 6 23 0 0 1 0.54 0.5152 0.6 0 47
"10745" 415 "2012-03-28" "2012" 3 3 19 0 1 1 0.6 0.6212 0.56 0.194 41
"13374" 117 "2012-07-16" "2012" 7 1 10 0 1 1 0.8 0.7727 0.59 0 69
"6175" 204 "2011-09-19" "2011" 9 1 20 0 1 2 0.56 0.5303 0.68 0.1343 27
"13891" 97 "2012-08-06" "2012" 8 1 23 0 1 1 0.72 0.697 0.74 0.194 16
"4704" 194 "2011-07-19" "2011" 7 2 21 0 1 1 0.74 0.7121 0.74 0.1343 47
"14281" 36 "2012-08-23" "2012" 8 4 5 0 1 1 0.62 0.5758 0.83 0 1
"146" 190 "2011-01-07" "2011" 1 5 8 0 1 1 0.2 0.197 0.51 0.2537 20
"8368" 261 "2011-12-20" "2011" 12 2 7 0 1 2 0.36 0.3788 0.62 0 7
"17352" 63 "2012-12-30" "2012" 12 0 20 0 0 1 0.22 0.197 0.47 0.3284 9
"15057" 248 "2012-09-24" "2012" 9 1 13 0 1 1 0.6 0.6212 0.31 0.2985 80
"2389" 68 "2011-04-14" "2011" 4 4 10 0 1 1 0.5 0.4848 0.51 0.194 21
"2580" 178 "2011-04-22" "2011" 4 5 9 0 1 3 0.34 0.303 0.61 0.2985 17
"2827" 220 "2011-05-02" "2011" 5 1 16 0 1 1 0.66 0.6212 0.61 0.2239 49
"11636" 111 "2012-05-05" "2012" 5 6 0 0 0 1 0.6 0.5606 0.83 0 42
"1274" 9 "2011-02-26" "2011" 2 6 5 0 0 2 0.22 0.2424 0.64 0.1045 1
"10024" 266 "2012-02-27" "2012" 2 1 16 0 1 1 0.54 0.5152 0.26 0.4478 20
"5875" 74 "2011-09-07" "2011" 9 3 6 0 1 3 0.6 0.5455 0.88 0.1045 1
"3843" 18 "2011-06-14" "2011" 6 2 0 0 1 1 0.6 0.6212 0.49 0.194 13
"3037" 124 "2011-05-11" "2011" 5 3 10 0 1 1 0.54 0.5152 0.68 0.0896 30
"12044" 26 "2012-05-22" "2012" 5 2 0 0 1 1 0.58 0.5455 0.83 0.2537 10
"12530" 136 "2012-06-11" "2012" 6 1 6 0 1 1 0.62 0.5758 0.83 0.1045 8
"15185" 219 "2012-09-29" "2012" 9 6 21 0 0 1 0.52 0.5 0.55 0.1343 73
"1501" 53 "2011-03-07" "2011" 3 1 21 0 1 1 0.28 0.2727 0.38 0.2239 1
"3892" 13 "2011-06-16" "2011" 6 4 1 0 1 1 0.58 0.5455 0.6 0 4
"3068" 540 "2011-05-12" "2011" 5 4 17 0 1 2 0.64 0.6212 0.57 0.194 54
"9285" 363 "2012-01-27" "2012" 1 5 18 0 1 1 0.4 0.4091 0.5 0.4925 20
"344" 60 "2011-01-15" "2011" 1 6 19 0 0 2 0.32 0.303 0.39 0.2537 14
"11761" 23 "2012-05-10" "2012" 5 4 5 0 1 1 0.46 0.4545 0.72 0.2985 1
"11265" 186 "2012-04-19" "2012" 4 4 13 0 1 1 0.56 0.5303 0.46 0 52
"4378" 288 "2011-07-06" "2011" 7 3 7 0 1 2 0.72 0.697 0.79 0 24
"3660" 162 "2011-06-06" "2011" 6 1 9 0 1 1 0.7 0.6515 0.58 0.1642 26
"12306" 22 "2012-06-01" "2012" 6 5 22 0 1 3 0.6 0.5455 0.88 0.1343 1
"7298" 207 "2011-11-05" "2011" 11 6 16 0 0 1 0.4 0.4091 0.4 0.2239 128
"14831" 31 "2012-09-15" "2012" 9 6 3 0 0 1 0.6 0.5909 0.73 0.2537 6
"10855" 119 "2012-04-02" "2012" 4 1 10 0 1 1 0.4 0.4091 0.5 0.5224 85
"12668" 117 "2012-06-17" "2012" 6 0 0 0 0 1 0.56 0.5303 0.56 0.1343 31
"4270" 238 "2011-07-01" "2011" 7 5 19 0 1 1 0.78 0.6667 0.25 0.194 80
"4182" 2 "2011-06-28" "2011" 6 2 3 0 1 2 0.66 0.6212 0.74 0 0
"14730" 144 "2012-09-10" "2012" 9 1 22 0 1 1 0.54 0.5152 0.52 0.1343 15
"5610" 196 "2011-08-26" "2011" 8 5 15 0 1 2 0.8 0.7727 0.59 0.194 53
"12103" 160 "2012-05-24" "2012" 5 4 11 0 1 1 0.66 0.6212 0.65 0.1343 61
"7675" 222 "2011-11-21" "2011" 11 1 9 0 1 2 0.48 0.4697 0.94 0.1045 15
"13068" 437 "2012-07-03" "2012" 7 2 16 0 1 2 0.9 0.7727 0.24 0.194 90
"7685" 135 "2011-11-21" "2011" 11 1 19 0 1 3 0.4 0.4091 0.94 0.194 2
"6733" 4 "2011-10-13" "2011" 10 4 2 0 1 2 0.54 0.5152 0.94 0 0
"9153" 4 "2012-01-22" "2012" 1 0 6 0 0 2 0.16 0.1515 0.74 0.2239 0
"7762" 22 "2011-11-25" "2011" 11 5 0 0 1 1 0.34 0.3333 0.76 0.1642 7
"2054" 54 "2011-03-31" "2011" 3 4 10 0 1 3 0.26 0.2424 0.93 0.2537 15
"7237" 4 "2011-11-03" "2011" 11 4 3 0 1 1 0.34 0.3333 0.81 0.1343 1
"13438" 7 "2012-07-19" "2012" 7 4 2 0 1 1 0.72 0.6818 0.7 0.194 0
"10131" 2 "2012-03-03" "2012" 3 6 4 0 0 2 0.36 0.3485 0.93 0.194 0
"4592" 16 "2011-07-15" "2011" 7 5 5 0 1 1 0.6 0.5909 0.73 0.1343 7
"11414" 649 "2012-04-25" "2012" 4 3 18 0 1 1 0.6 0.5909 0.2 0.2836 60
"16123" 214 "2012-11-09" "2012" 11 5 12 0 1 1 0.44 0.4394 0.41 0.3284 48
"6317" 279 "2011-09-25" "2011" 9 0 18 0 0 1 0.68 0.6364 0.74 0 125
"7080" 76 "2011-10-27" "2011" 10 4 14 0 1 2 0.52 0.5 0.83 0 16
"6292" 246 "2011-09-24" "2011" 9 6 17 0 0 1 0.66 0.6212 0.74 0.1045 180
"1429" 102 "2011-03-04" "2011" 3 5 19 0 1 1 0.32 0.303 0.61 0.2537 5
"14524" 99 "2012-09-02" "2012" 9 0 8 0 0 1 0.68 0.6364 0.89 0.0896 30
"6167" 138 "2011-09-19" "2011" 9 1 12 0 1 2 0.58 0.5455 0.6 0.0896 51
"4036" 19 "2011-06-22" "2011" 6 3 1 0 1 1 0.66 0.6061 0.78 0.1343 2
"15691" 136 "2012-10-20" "2012" 10 6 23 0 0 1 0.42 0.4242 0.58 0 27
"4194" 127 "2011-06-28" "2011" 6 2 15 0 1 1 0.86 0.7879 0.41 0 39
"15214" 6 "2012-10-01" "2012" 10 1 2 0 1 1 0.46 0.4545 0.72 0 6
"2529" 62 "2011-04-20" "2011" 4 3 6 0 1 1 0.42 0.4242 0.94 0.1642 2
"4994" 56 "2011-07-31" "2011" 7 0 23 0 0 1 0.74 0.697 0.66 0.2239 14
"9729" 318 "2012-02-15" "2012" 2 3 7 0 1 2 0.3 0.2879 0.65 0.194 3
"3378" 145 "2011-05-25" "2011" 5 3 15 0 1 1 0.76 0.697 0.52 0.2537 37
"6314" 234 "2011-09-25" "2011" 9 0 15 0 0 2 0.66 0.6061 0.78 0 119
"221" 28 "2011-01-10" "2011" 1 1 11 0 1 2 0.16 0.1364 0.47 0.2836 2
"17347" 101 "2012-12-30" "2012" 12 0 15 0 0 1 0.28 0.2576 0.38 0.3284 37
"293" 55 "2011-01-13" "2011" 1 4 15 0 1 1 0.24 0.2121 0.38 0.2985 5
"5402" 85 "2011-08-17" "2011" 8 3 23 0 1 1 0.7 0.6515 0.65 0.2836 20
"16461" 195 "2012-11-23" "2012" 11 5 14 0 1 1 0.5 0.4848 0.36 0.2537 240
"9106" 183 "2012-01-20" "2012" 1 5 7 0 1 1 0.22 0.2121 0.69 0.2239 2
"13237" 769 "2012-07-10" "2012" 7 2 17 0 1 1 0.78 0.7121 0.49 0.194 103
"7875" 347 "2011-11-29" "2011" 11 2 18 0 1 2 0.4 0.4091 0.82 0.2985 11
"15137" 235 "2012-09-27" "2012" 9 4 21 0 1 3 0.62 0.5758 0.83 0.2985 18
"14129" 273 "2012-08-16" "2012" 8 4 21 0 1 1 0.74 0.6667 0.48 0.194 83
"11016" 3 "2012-04-09" "2012" 4 1 3 0 1 1 0.44 0.4394 0.3 0.1642 0
"2372" 284 "2011-04-13" "2011" 4 3 17 0 1 1 0.46 0.4545 0.67 0.2985 25
"2786" 91 "2011-04-30" "2011" 4 6 23 0 0 1 0.44 0.4394 0.67 0.1045 34
"13708" 720 "2012-07-30" "2012" 7 1 8 0 1 2 0.72 0.697 0.74 0.1045 31
"3419" 393 "2011-05-27" "2011" 5 5 8 0 1 1 0.66 0.6212 0.74 0.2836 25
"14980" 726 "2012-09-21" "2012" 9 5 8 0 1 1 0.54 0.5152 0.73 0.1343 31
"4986" 184 "2011-07-31" "2011" 7 0 15 0 0 1 0.92 0.7727 0.18 0.2985 109
"7408" 110 "2011-11-10" "2011" 11 4 6 0 1 2 0.36 0.3485 1 0.1343 4
"7954" 62 "2011-12-03" "2011" 12 6 1 0 0 1 0.26 0.2576 0.65 0.194 9
"15423" 483 "2012-10-09" "2012" 10 2 19 0 1 2 0.5 0.4848 0.72 0.1642 31
"14797" 787 "2012-09-13" "2012" 9 4 17 0 1 1 0.72 0.6515 0.42 0.194 97
"8960" 3 "2012-01-14" "2012" 1 6 4 0 0 1 0.14 0.1515 0.5 0.1343 0
"8114" 352 "2011-12-09" "2011" 12 5 17 0 1 1 0.34 0.3485 0.66 0.1045 10
"16755" 184 "2012-12-05" "2012" 12 3 21 0 1 1 0.34 0.303 0.46 0.4179 14
"8240" 48 "2011-12-14" "2011" 12 3 23 0 1 1 0.32 0.3182 0.7 0.1642 3
"11413" 664 "2012-04-25" "2012" 4 3 17 0 1 1 0.6 0.5909 0.2 0.2985 68
"13788" 335 "2012-08-02" "2012" 8 4 16 0 1 1 0.82 0.7576 0.46 0.194 71
"5924" 276 "2011-09-09" "2011" 9 5 8 0 1 3 0.62 0.5455 0.94 0.1642 12
"8268" 3 "2011-12-16" "2011" 12 5 3 0 1 1 0.46 0.4545 0.82 0.1343 2
"8327" 200 "2011-12-18" "2011" 12 0 14 0 0 1 0.3 0.2879 0.49 0.2836 19
"6304" 2 "2011-09-25" "2011" 9 0 5 0 0 1 0.6 0.5455 0.88 0.0896 1
"3463" 10 "2011-05-29" "2011" 5 0 4 0 0 1 0.6 0.5455 0.88 0.0896 13
"11867" 156 "2012-05-14" "2012" 5 1 15 0 1 2 0.62 0.5909 0.73 0.1642 40
"16627" 241 "2012-11-30" "2012" 11 5 13 0 1 2 0.4 0.4091 0.4 0.1642 21
"13254" 148 "2012-07-11" "2012" 7 3 10 0 1 2 0.72 0.6818 0.62 0.1343 47
"12208" 203 "2012-05-28" "2012" 5 1 20 1 0 1 0.78 0.7424 0.62 0.2985 114
"9936" 34 "2012-02-24" "2012" 2 5 0 0 1 2 0.44 0.4394 0.58 0.0896 12
"8077" 2 "2011-12-08" "2011" 12 4 4 0 1 2 0.24 0.197 0.6 0.4627 0
"1151" 86 "2011-02-20" "2011" 2 0 17 0 0 1 0.34 0.3485 0.33 0.1642 60
"15472" 388 "2012-10-11" "2012" 10 4 20 0 1 1 0.42 0.4242 0.62 0.1642 27
"9224" 33 "2012-01-25" "2012" 1 3 5 0 1 1 0.26 0.2424 0.7 0.2836 0
"7293" 169 "2011-11-05" "2011" 11 6 11 0 0 1 0.36 0.3636 0.46 0.1045 69
"1934" 42 "2011-03-26" "2011" 3 6 8 0 0 1 0.22 0.2273 0.44 0.1343 24
"16994" 178 "2012-12-15" "2012" 12 6 20 0 0 2 0.36 0.3485 0.57 0.194 23
"3499" 208 "2011-05-30" "2011" 5 1 16 1 0 1 0.88 0.7879 0.37 0.2836 101
"16437" 95 "2012-11-22" "2012" 11 4 14 1 0 1 0.48 0.4697 0.29 0 125
"6917" 278 "2011-10-20" "2011" 10 4 19 0 1 1 0.46 0.4545 0.51 0.3582 20
"6550" 138 "2011-10-05" "2011" 10 3 11 0 1 1 0.6 0.6212 0.46 0.2836 32
"5325" 222 "2011-08-14" "2011" 8 0 18 0 0 1 0.74 0.697 0.66 0.1642 125
"17299" 151 "2012-12-28" "2012" 12 5 15 0 1 2 0.3 0.3182 0.49 0 74
"771" 73 "2011-02-04" "2011" 2 5 13 0 1 2 0.26 0.2576 0.5 0.2239 9
"10554" 299 "2012-03-20" "2012" 3 2 20 0 1 1 0.58 0.5455 0.68 0.0896 78
"16537" 502 "2012-11-26" "2012" 11 1 18 0 1 1 0.36 0.3485 0.5 0.1642 19
"13850" 12 "2012-08-05" "2012" 8 0 6 0 0 1 0.72 0.697 0.79 0.2537 7
"13331" 317 "2012-07-14" "2012" 7 6 15 0 0 1 0.8 0.7576 0.55 0.1642 243
"9946" 119 "2012-02-24" "2012" 2 5 10 0 1 3 0.36 0.3485 0.81 0.1642 22
"4044" 205 "2011-06-22" "2011" 6 3 9 0 1 1 0.72 0.697 0.79 0.1642 14
"6095" 212 "2011-09-16" "2011" 9 5 12 0 1 2 0.52 0.5 0.45 0 39
"11380" 599 "2012-04-24" "2012" 4 2 8 0 1 1 0.34 0.3182 0.61 0.2537 12
"342" 54 "2011-01-15" "2011" 1 6 17 0 0 2 0.32 0.303 0.36 0.2836 29
"3639" 212 "2011-06-05" "2011" 6 0 12 0 0 2 0.64 0.6061 0.69 0.1045 123
"14611" 126 "2012-09-05" "2012" 9 3 23 0 1 1 0.7 0.6667 0.84 0.0896 24
"6107" 80 "2011-09-17" "2011" 9 6 0 0 0 1 0.46 0.4545 0.72 0.1642 28
"788" 4 "2011-02-05" "2011" 2 6 6 0 0 3 0.2 0.2576 1 0 0
"3725" 6 "2011-06-09" "2011" 6 4 2 0 1 2 0.72 0.7121 0.84 0.1642 0
"8705" 70 "2012-01-03" "2012" 1 2 12 0 1 1 0.18 0.1364 0.37 0.5224 4
"8434" 11 "2011-12-23" "2011" 12 5 1 0 1 3 0.4 0.4091 0.87 0.194 1
"6467" 43 "2011-10-02" "2011" 10 0 0 0 0 3 0.36 0.3333 0.93 0.2985 4
"5826" 5 "2011-09-05" "2011" 9 1 4 1 0 2 0.68 0.6364 0.69 0.2836 3
"5564" 484 "2011-08-24" "2011" 8 3 17 0 1 1 0.76 0.697 0.52 0.3582 83
"15490" 262 "2012-10-12" "2012" 10 5 14 0 1 1 0.56 0.5303 0.37 0.4627 109
"15370" 243 "2012-10-07" "2012" 10 0 14 0 0 2 0.44 0.4394 0.67 0 71
"5470" 182 "2011-08-20" "2011" 8 6 19 0 0 1 0.74 0.6818 0.62 0.194 109
"7603" 207 "2011-11-18" "2011" 11 5 9 0 1 1 0.26 0.2576 0.41 0.194 6
"11687" 3 "2012-05-07" "2012" 5 1 3 0 1 1 0.5 0.4848 0.77 0.194 2
"4744" 81 "2011-07-21" "2011" 7 4 13 0 1 1 0.88 0.8939 0.56 0.2985 21
"5958" 241 "2011-09-10" "2011" 9 6 18 0 0 1 0.72 0.6667 0.58 0.194 119
"5804" 3 "2011-09-04" "2011" 9 0 6 0 0 1 0.64 0.5758 0.84 0.2239 0
"2371" 119 "2011-04-13" "2011" 4 3 16 0 1 1 0.46 0.4545 0.67 0.2836 23
"5105" 164 "2011-08-05" "2011" 8 5 14 0 1 2 0.78 0.7121 0.52 0.2537 81
"17108" 171 "2012-12-20" "2012" 12 4 14 0 1 2 0.36 0.3485 0.53 0.194 43
"9991" 20 "2012-02-26" "2012" 2 0 7 0 0 1 0.2 0.1818 0.51 0.2985 2
"3299" 65 "2011-05-22" "2011" 5 0 8 0 0 1 0.6 0.5909 0.73 0.0896 29
"8139" 144 "2011-12-10" "2011" 12 6 18 0 0 1 0.26 0.2576 0.38 0.2239 28
"6716" 183 "2011-10-12" "2011" 10 3 9 0 1 2 0.54 0.5152 0.88 0.4478 14
"9724" 4 "2012-02-15" "2012" 2 3 2 0 1 1 0.3 0.3333 0.61 0 0
"2955" 78 "2011-05-08" "2011" 5 0 0 0 0 2 0.5 0.4848 0.59 0.1045 22
"11278" 18 "2012-04-20" "2012" 4 5 2 0 1 1 0.44 0.4394 0.88 0.194 3
"12533" 259 "2012-06-11" "2012" 6 1 9 0 1 1 0.7 0.6515 0.65 0.1343 57
"12220" 588 "2012-05-29" "2012" 5 2 8 0 1 1 0.7 0.6667 0.74 0.194 46
"54" 153 "2011-01-03" "2011" 1 1 8 0 1 1 0.14 0.1212 0.5 0.2836 1
"13717" 765 "2012-07-30" "2012" 7 1 17 0 1 1 0.76 0.697 0.55 0.3284 62
"4770" 101 "2011-07-22" "2011" 7 5 15 0 1 1 0.94 0.9848 0.51 0.2985 32
"3194" 49 "2011-05-17" "2011" 5 2 23 0 1 2 0.54 0.5152 0.88 0.2537 7
"8128" 11 "2011-12-10" "2011" 12 6 7 0 0 1 0.24 0.2273 0.65 0.194 0
"2507" 331 "2011-04-19" "2011" 4 2 8 0 1 2 0.5 0.4848 0.68 0.1343 20
"5296" 92 "2011-08-13" "2011" 8 6 13 0 0 2 0.74 0.7121 0.74 0.3284 61
"16873" 409 "2012-12-10" "2012" 12 1 19 0 1 1 0.52 0.5 0.77 0.2836 18
"9872" 459 "2012-02-21" "2012" 2 2 8 0 1 1 0.2 0.2273 0.69 0.0896 5
"1405" 101 "2011-03-03" "2011" 3 4 19 0 1 1 0.2 0.197 0.4 0.2537 5
"14584" 338 "2012-09-04" "2012" 9 2 20 0 1 1 0.74 0.697 0.7 0.2537 47
"5542" 297 "2011-08-23" "2011" 8 2 19 0 1 1 0.66 0.6212 0.5 0.2239 70
"13511" 30 "2012-07-22" "2012" 7 0 3 0 0 2 0.6 0.5455 0.88 0.1045 13
"5763" 207 "2011-09-02" "2011" 9 5 13 0 1 2 0.68 0.6364 0.65 0.1343 72
"16849" 110 "2012-12-09" "2012" 12 0 19 0 0 3 0.38 0.3939 0.94 0.0896 12
"6266" 52 "2011-09-23" "2011" 9 5 15 0 1 3 0.62 0.5455 0.94 0.1045 9
"5178" 86 "2011-08-08" "2011" 8 1 15 0 1 1 0.84 0.7576 0.41 0.2985 40
"1654" 45 "2011-03-14" "2011" 3 1 11 0 1 1 0.36 0.3333 0.4 0.2537 26
"5303" 105 "2011-08-13" "2011" 8 6 20 0 0 2 0.68 0.6364 0.83 0.2239 78
"3860" 484 "2011-06-14" "2011" 6 2 17 0 1 3 0.64 0.6212 0.5 0.2836 85
"7150" 229 "2011-10-30" "2011" 10 0 12 0 0 1 0.38 0.3939 0.5 0.194 85
"11932" 605 "2012-05-17" "2012" 5 4 8 0 1 1 0.52 0.5 0.55 0.4478 29
"3831" 161 "2011-06-13" "2011" 6 1 12 0 1 1 0.66 0.6212 0.41 0.2836 35
"2907" 43 "2011-05-06" "2011" 5 5 0 0 1 1 0.44 0.4394 0.44 0.1642 13
"8360" 50 "2011-12-19" "2011" 12 1 23 0 1 1 0.36 0.3485 0.53 0.1642 10
"9378" 150 "2012-01-31" "2012" 1 2 15 0 1 1 0.54 0.5152 0.26 0.4478 27
"9175" 1 "2012-01-23" "2012" 1 1 4 0 1 2 0.2 0.2576 0.8 0 0
"6433" 173 "2011-09-30" "2011" 9 5 14 0 1 2 0.64 0.6212 0.47 0.2985 93
"3958" 227 "2011-06-18" "2011" 6 6 19 0 0 2 0.74 0.6667 0.51 0.1045 99
"12374" 719 "2012-06-04" "2012" 6 1 18 0 1 1 0.64 0.6212 0.38 0.3881 103
"15148" 674 "2012-09-28" "2012" 9 5 8 0 1 1 0.6 0.5606 0.83 0.0896 31
"8385" 18 "2011-12-21" "2011" 12 3 0 0 1 2 0.34 0.3333 0.71 0.1343 7
"8504" 6 "2011-12-26" "2011" 12 1 0 1 0 1 0.22 0.2273 0.75 0.1642 5
"11309" 216 "2012-04-21" "2012" 4 6 9 0 0 1 0.54 0.5152 0.77 0.1642 115
"1229" 104 "2011-02-24" "2011" 2 4 7 0 1 1 0.2 0.197 0.72 0.194 0
"1740" 4 "2011-03-18" "2011" 3 5 3 0 1 1 0.36 0.3485 0.71 0.194 1
"364" 78 "2011-01-16" "2011" 1 0 15 0 0 1 0.26 0.2424 0.38 0.2537 35
"5944" 4 "2011-09-10" "2011" 9 6 4 0 0 1 0.58 0.5455 0.94 0.0896 3
"570" 49 "2011-01-25" "2011" 1 2 22 0 1 1 0.22 0.2273 0.64 0.1642 4
"3631" 8 "2011-06-05" "2011" 6 0 4 0 0 2 0.62 0.6061 0.65 0.1642 4
"16772" 175 "2012-12-06" "2012" 12 4 14 0 1 1 0.3 0.3182 0.42 0.0896 37
"12293" 274 "2012-06-01" "2012" 6 5 9 0 1 2 0.64 0.5758 0.83 0.2239 24
"1850" 142 "2011-03-22" "2011" 3 2 19 0 1 2 0.44 0.4394 0.54 0.2537 22
"5259" 53 "2011-08-12" "2011" 8 5 0 0 1 1 0.64 0.6212 0.53 0.1642 12
"2290" 4 "2011-04-10" "2011" 4 0 6 0 0 2 0.36 0.3636 0.93 0.0896 0
"6068" 186 "2011-09-15" "2011" 9 4 9 0 1 2 0.64 0.6061 0.73 0.3582 23
"8923" 156 "2012-01-12" "2012" 1 4 15 0 1 1 0.44 0.4394 0.72 0.1343 32
"10479" 357 "2012-03-17" "2012" 3 6 17 0 0 1 0.64 0.6212 0.5 0.1343 291
"1473" 8 "2011-03-06" "2011" 3 0 16 0 0 3 0.36 0.3333 1 0.2836 3
"15657" 288 "2012-10-19" "2012" 10 5 13 0 1 1 0.62 0.5909 0.73 0.2239 87
"528" 1 "2011-01-24" "2011" 1 1 3 0 1 1 0.04 0.0303 0.45 0.2537 0
"16642" 5 "2012-12-01" "2012" 12 6 4 0 0 1 0.26 0.2879 0.81 0.0896 0
"7684" 184 "2011-11-21" "2011" 11 1 18 0 1 3 0.42 0.4242 0.88 0.194 8
"7520" 96 "2011-11-14" "2011" 11 1 22 0 1 1 0.58 0.5455 0.56 0.3582 17
"5193" 95 "2011-08-09" "2011" 8 2 6 0 1 1 0.72 0.6667 0.64 0 6
"15232" 251 "2012-10-01" "2012" 10 1 20 0 1 3 0.54 0.5152 0.68 0 11
"13065" 203 "2012-07-03" "2012" 7 2 13 0 1 1 0.9 0.7727 0.25 0.1343 80
"17198" 68 "2012-12-24" "2012" 12 1 9 0 1 2 0.24 0.2576 0.65 0.1045 17
"10191" 180 "2012-03-05" "2012" 3 1 16 0 1 1 0.3 0.2727 0.45 0.2985 30
"8276" 135 "2011-12-16" "2011" 12 5 11 0 1 2 0.34 0.303 0.42 0.2985 9
"4373" 4 "2011-07-06" "2011" 7 3 2 0 1 1 0.7 0.6667 0.79 0.0896 1
"8143" 88 "2011-12-10" "2011" 12 6 22 0 0 1 0.22 0.2273 0.41 0.1343 7
"71" 2 "2011-01-04" "2011" 1 2 1 0 1 1 0.16 0.1818 0.59 0.1045 0
"15458" 158 "2012-10-11" "2012" 10 4 6 0 1 1 0.36 0.3485 0.5 0.1642 1
"14474" 101 "2012-08-31" "2012" 8 5 6 0 1 2 0.64 0.5758 0.89 0.1642 7
"10184" 186 "2012-03-05" "2012" 3 1 9 0 1 2 0.22 0.2576 0.6 0.0896 11
"10126" 19 "2012-03-02" "2012" 3 5 23 0 1 2 0.36 0.3788 0.87 0 4
"10950" 318 "2012-04-06" "2012" 4 5 9 0 1 1 0.34 0.303 0.42 0.3284 58
"12020" 28 "2012-05-21" "2012" 5 1 0 0 1 3 0.58 0.5455 0.88 0.2985 12
"14489" 232 "2012-08-31" "2012" 8 5 21 0 1 1 0.76 0.7121 0.58 0.194 71
"4609" 152 "2011-07-15" "2011" 7 5 22 0 1 1 0.66 0.6212 0.57 0.2239 71
"8787" 123 "2012-01-06" "2012" 1 5 22 0 1 1 0.36 0.3485 0.5 0.194 12
"15279" 544 "2012-10-03" "2012" 10 3 19 0 1 1 0.7 0.6515 0.65 0 49
"12364" 643 "2012-06-04" "2012" 6 1 8 0 1 1 0.6 0.6212 0.49 0.2239 22
"8150" 6 "2011-12-11" "2011" 12 0 5 0 0 1 0.18 0.2121 0.59 0.1045 0
"3398" 124 "2011-05-26" "2011" 5 4 11 0 1 1 0.74 0.697 0.66 0.2239 36
"14372" 28 "2012-08-27" "2012" 8 1 0 0 1 1 0.62 0.5758 0.83 0 4
"12559" 57 "2012-06-12" "2012" 6 2 11 0 1 3 0.66 0.6061 0.83 0.3582 8
"6732" 9 "2011-10-13" "2011" 10 4 1 0 1 2 0.54 0.5152 0.94 0 3
"4116" 139 "2011-06-25" "2011" 6 6 9 0 0 1 0.72 0.6515 0.45 0.2537 47
"4310" 175 "2011-07-03" "2011" 7 0 11 0 0 1 0.76 0.7121 0.62 0.1045 215
"7065" 72 "2011-10-26" "2011" 10 3 23 0 1 2 0.48 0.4697 0.88 0.0896 3
"13014" 268 "2012-07-01" "2012" 7 0 10 0 0 1 0.86 0.7879 0.44 0.2985 98
"9246" 5 "2012-01-26" "2012" 1 4 3 0 1 2 0.28 0.303 0.75 0.0896 1
"9753" 285 "2012-02-16" "2012" 2 4 7 0 1 2 0.3 0.303 0.7 0.1343 3
"550" 5 "2011-01-25" "2011" 1 2 1 0 1 2 0.16 0.1667 0.69 0.1642 0
"3814" 156 "2011-06-12" "2011" 6 0 19 0 0 1 0.7 0.6667 0.74 0.1045 67
"1838" 132 "2011-03-22" "2011" 3 2 7 0 1 2 0.4 0.4091 0.76 0.1045 4
"13044" 304 "2012-07-02" "2012" 7 1 16 0 1 1 0.84 0.7424 0.36 0.2836 61
"14381" 302 "2012-08-27" "2012" 8 1 9 0 1 1 0.66 0.6061 0.83 0.1045 40
"8219" 2 "2011-12-14" "2011" 12 3 2 0 1 1 0.26 0.303 0.75 0 0
"1192" 79 "2011-02-22" "2011" 2 2 16 0 1 1 0.22 0.2273 0.51 0.1642 7
"11351" 1 "2012-04-23" "2012" 4 1 3 0 1 2 0.32 0.303 0.81 0.2836 0
"6257" 99 "2011-09-23" "2011" 9 5 6 0 1 2 0.62 0.5455 0.94 0.0896 5
"6077" 222 "2011-09-15" "2011" 9 4 18 0 1 3 0.48 0.4697 0.67 0.6119 22
"719" 48 "2011-02-02" "2011" 2 3 7 0 1 3 0.22 0.2121 0.93 0.2239 1
"1689" 17 "2011-03-15" "2011" 3 2 23 0 1 2 0.32 0.3182 0.87 0.1642 1
"960" 90 "2011-02-12" "2011" 2 6 14 0 0 1 0.34 0.3182 0.31 0.2836 30
"14949" 14 "2012-09-20" "2012" 9 4 1 0 1 1 0.46 0.4545 0.72 0.1045 4
"4119" 252 "2011-06-25" "2011" 6 6 12 0 0 1 0.74 0.6515 0.4 0.2836 140
"9407" 254 "2012-02-01" "2012" 2 3 20 0 1 1 0.52 0.5 0.52 0.1642 10
"13361" 164 "2012-07-15" "2012" 7 0 21 0 0 1 0.72 0.697 0.79 0.0896 59
"16183" 43 "2012-11-12" "2012" 11 1 0 1 0 1 0.42 0.4242 0.71 0.1045 6
"14548" 91 "2012-09-03" "2012" 9 1 8 1 0 2 0.7 0.6667 0.84 0.1045 36
"6453" 100 "2011-10-01" "2011" 10 6 10 0 0 3 0.4 0.4091 0.76 0.3582 21
"1675" 147 "2011-03-15" "2011" 3 2 9 0 1 2 0.3 0.3333 0.7 0 10
"15939" 424 "2012-11-01" "2012" 11 4 19 0 1 2 0.4 0.4091 0.5 0.1642 28
"8251" 105 "2011-12-15" "2011" 12 4 10 0 1 2 0.4 0.4091 0.58 0.2985 4
"1475" 23 "2011-03-06" "2011" 3 0 18 0 0 3 0.32 0.2879 1 0.3582 0
"12299" 213 "2012-06-01" "2012" 6 5 15 0 1 3 0.72 0.6818 0.66 0.2836 45
"6091" 386 "2011-09-16" "2011" 9 5 8 0 1 1 0.42 0.4242 0.67 0.2239 23
"7935" 84 "2011-12-02" "2011" 12 5 6 0 1 1 0.22 0.2727 0.8 0 3
"8445" 156 "2011-12-23" "2011" 12 5 12 0 1 1 0.4 0.4091 0.54 0.5224 14
"5701" 74 "2011-08-30" "2011" 8 2 23 0 1 1 0.62 0.6061 0.61 0 19
"5339" 326 "2011-08-15" "2011" 8 1 8 0 1 1 0.64 0.5909 0.78 0.3284 29
"13383" 503 "2012-07-16" "2012" 7 1 19 0 1 1 0.8 0.7879 0.63 0.1343 92
"4050" 114 "2011-06-22" "2011" 6 3 15 0 1 2 0.82 0.7879 0.56 0.2836 32
"16553" 52 "2012-11-27" "2012" 11 2 10 0 1 3 0.32 0.3182 0.81 0.194 5
"6862" 112 "2011-10-18" "2011" 10 2 11 0 1 2 0.6 0.6212 0.49 0.1045 35
"13578" 226 "2012-07-24" "2012" 7 2 22 0 1 1 0.74 0.697 0.66 0.2537 43
"2163" 30 "2011-04-04" "2011" 4 1 23 0 1 2 0.64 0.6212 0.47 0.2239 18
"1558" 43 "2011-03-10" "2011" 3 4 8 0 1 3 0.38 0.3939 0 0.2836 1
"3782" 215 "2011-06-11" "2011" 6 6 11 0 0 1 0.76 0.7121 0.62 0.1343 110
"10531" 190 "2012-03-19" "2012" 3 1 21 0 1 1 0.6 0.6061 0.64 0.1642 33
"4975" 7 "2011-07-31" "2011" 7 0 4 0 0 1 0.72 0.6818 0.7 0 6
"2623" 5 "2011-04-24" "2011" 4 0 4 0 0 1 0.5 0.4848 0.94 0.0896 0
"7994" 207 "2011-12-04" "2011" 12 0 17 0 0 1 0.38 0.3939 0.76 0.1343 38
"8515" 66 "2011-12-26" "2011" 12 1 12 1 0 1 0.36 0.3182 0.43 0.4627 34
"1321" 90 "2011-02-28" "2011" 2 1 7 0 1 2 0.36 0.3636 0.93 0.1045 2
"6632" 133 "2011-10-08" "2011" 10 6 21 0 0 1 0.52 0.5 0.77 0 54
"4882" 313 "2011-07-27" "2011" 7 3 7 0 1 1 0.72 0.6667 0.48 0.2537 34
"9580" 2 "2012-02-09" "2012" 2 4 2 0 1 1 0.22 0.2273 0.8 0.1343 0
"6369" 102 "2011-09-27" "2011" 9 2 22 0 1 1 0.6 0.5455 0.88 0.0896 19
"7748" 64 "2011-11-24" "2011" 11 4 10 1 0 1 0.36 0.3788 0.57 0 34
"13644" 419 "2012-07-27" "2012" 7 5 16 0 1 1 0.84 0.7727 0.47 0.2239 80
"12" 30 "2011-01-01" "2011" 1 6 11 0 0 1 0.36 0.3333 0.81 0.2836 26
"2221" 155 "2011-04-07" "2011" 4 4 9 0 1 2 0.4 0.4091 0.66 0.1343 15
"15255" 368 "2012-10-02" "2012" 10 2 19 0 1 3 0.62 0.5455 0.94 0 27
"10031" 50 "2012-02-27" "2012" 2 1 23 0 1 1 0.42 0.4242 0.5 0.1642 6
"11068" 581 "2012-04-11" "2012" 4 3 8 0 1 1 0.3 0.2879 0.49 0.2239 14
"7740" 19 "2011-11-24" "2011" 11 4 2 1 0 1 0.3 0.2879 0.61 0.2836 3
"614" 84 "2011-01-28" "2011" 1 5 19 0 1 2 0.24 0.2424 0.75 0.1343 5
"1289" 60 "2011-02-26" "2011" 2 6 20 0 0 1 0.3 0.303 0.56 0.1642 8
"14506" 274 "2012-09-01" "2012" 9 6 14 0 0 2 0.86 0.7879 0.44 0.1642 240
"14782" 9 "2012-09-13" "2012" 9 4 2 0 1 1 0.54 0.5152 0.77 0 0
"6085" 7 "2011-09-16" "2011" 9 5 2 0 1 1 0.4 0.4091 0.71 0.2836 3
"17159" 99 "2012-12-22" "2012" 12 6 17 0 0 1 0.28 0.2576 0.41 0.2985 15
"11712" 5 "2012-05-08" "2012" 5 2 4 0 1 2 0.52 0.5 0.68 0.3284 0
"5576" 25 "2011-08-25" "2011" 8 4 5 0 1 1 0.66 0.6061 0.83 0.4179 1
"3043" 240 "2011-05-11" "2011" 5 3 16 0 1 1 0.66 0.6212 0.39 0 49
"3015" 170 "2011-05-10" "2011" 5 2 12 0 1 2 0.6 0.6212 0.38 0 47
"16911" 272 "2012-12-12" "2012" 12 3 9 0 1 2 0.28 0.2879 0.61 0.1343 13
"14647" 215 "2012-09-07" "2012" 9 5 11 0 1 1 0.76 0.7121 0.62 0.1343 81
"8430" 15 "2011-12-22" "2011" 12 4 21 0 1 3 0.42 0.4242 0.71 0 2
"9179" 267 "2012-01-23" "2012" 1 1 8 0 1 3 0.2 0.2121 0.86 0.1343 5
"15796" 746 "2012-10-25" "2012" 10 4 8 0 1 2 0.52 0.5 0.83 0.1642 33
"14678" 140 "2012-09-08" "2012" 9 6 18 0 0 3 0.58 0.5455 0.83 0.1343 27
"13955" 204 "2012-08-09" "2012" 8 4 15 0 1 1 0.88 0.7727 0.32 0.2239 63
"7732" 138 "2011-11-23" "2011" 11 3 18 0 1 2 0.4 0.4091 0.58 0.5224 7
"8566" 144 "2011-12-28" "2011" 12 3 16 0 1 1 0.3 0.2727 0.36 0.4179 23
"16390" 226 "2012-11-20" "2012" 11 2 15 0 1 2 0.46 0.4545 0.55 0.1045 61
"16095" 652 "2012-11-08" "2012" 11 4 8 0 1 1 0.3 0.2879 0.33 0.2836 16
"5662" 384 "2011-08-29" "2011" 8 1 8 0 1 1 0.62 0.6212 0.57 0.2537 20
"3053" 14 "2011-05-12" "2011" 5 4 2 0 1 1 0.44 0.4394 0.94 0.194 1
"9414" 2 "2012-02-02" "2012" 2 4 3 0 1 2 0.42 0.4242 0.67 0.1343 0
"8616" 163 "2011-12-30" "2011" 12 5 18 0 1 1 0.36 0.3485 0.62 0.1343 19
"8440" 88 "2011-12-23" "2011" 12 5 7 0 1 1 0.38 0.3939 0.82 0.2239 4
"9306" 320 "2012-01-28" "2012" 1 6 15 0 0 1 0.4 0.4091 0.47 0.3284 90
"9937" 15 "2012-02-24" "2012" 2 5 1 0 1 1 0.44 0.4394 0.62 0.194 3
"16995" 169 "2012-12-15" "2012" 12 6 21 0 0 1 0.36 0.3485 0.62 0.1343 15
"16674" 409 "2012-12-02" "2012" 12 0 12 0 0 2 0.34 0.3333 0.81 0.1642 111
"6080" 134 "2011-09-15" "2011" 9 4 21 0 1 1 0.46 0.4545 0.63 0.3284 11
"4066" 301 "2011-06-23" "2011" 6 4 7 0 1 2 0.72 0.697 0.74 0.1343 26
"4184" 20 "2011-06-28" "2011" 6 2 5 0 1 1 0.66 0.6061 0.78 0 1
"2418" 112 "2011-04-15" "2011" 4 5 15 1 0 1 0.54 0.5152 0.52 0.4478 50
"8191" 71 "2011-12-12" "2011" 12 1 22 0 1 1 0.26 0.303 0.7 0 0
"8238" 145 "2011-12-14" "2011" 12 3 21 0 1 2 0.34 0.3333 0.66 0.1642 9
"8935" 4 "2012-01-13" "2012" 1 5 3 0 1 1 0.36 0.3333 0.87 0.2537 3
"9742" 207 "2012-02-15" "2012" 2 3 20 0 1 1 0.36 0.3485 0.46 0.1642 4
"1066" 1 "2011-02-17" "2011" 2 4 3 0 1 1 0.34 0.3333 0.53 0.194 3
"4091" 439 "2011-06-24" "2011" 6 5 8 0 1 1 0.7 0.6667 0.74 0.2239 27
"6792" 223 "2011-10-15" "2011" 10 6 13 0 0 1 0.6 0.6212 0.35 0.4627 171
"9081" 86 "2012-01-19" "2012" 1 4 6 0 1 1 0.12 0.1364 0.54 0.1642 0
"2499" 23 "2011-04-19" "2011" 4 2 0 0 1 1 0.5 0.4848 0.55 0.2239 2
"6926" 6 "2011-10-21" "2011" 10 5 4 0 1 1 0.36 0.3485 0.71 0.1642 0
"9421" 72 "2012-02-02" "2012" 2 4 10 0 1 3 0.42 0.4242 0.77 0.1045 6
"3520" 110 "2011-05-31" "2011" 5 2 13 0 1 1 0.9 0.8333 0.39 0.1642 37
"15341" 265 "2012-10-06" "2012" 10 6 9 0 0 1 0.6 0.5909 0.73 0.194 130
"14572" 617 "2012-09-04" "2012" 9 2 8 0 1 1 0.7 0.6667 0.84 0.1642 15
"2003" 128 "2011-03-29" "2011" 3 2 7 0 1 1 0.22 0.197 0.41 0.3582 5
"13084" 110 "2012-07-04" "2012" 7 3 8 1 0 1 0.7 0.6515 0.61 0.1045 43
"5367" 120 "2011-08-16" "2011" 8 2 12 0 1 1 0.76 0.6818 0.48 0.3284 42
"15630" 158 "2012-10-18" "2012" 10 4 10 0 1 2 0.52 0.5 0.68 0.2239 60
"4696" 139 "2011-07-19" "2011" 7 2 13 0 1 1 0.86 0.8333 0.53 0.1045 33
"6601" 179 "2011-10-07" "2011" 10 5 14 0 1 1 0.62 0.6212 0.5 0 77
"14562" 104 "2012-09-03" "2012" 9 1 22 1 0 2 0.7 0.6667 0.84 0.1343 17
"9038" 73 "2012-01-17" "2012" 1 2 11 0 1 2 0.34 0.3485 0.87 0.1045 2
"208" 10 "2011-01-09" "2011" 1 0 22 0 0 1 0.14 0.1212 0.46 0.2985 5
"10054" 95 "2012-02-28" "2012" 2 2 22 0 1 1 0.34 0.3485 0.46 0.1045 6
"48" 5 "2011-01-03" "2011" 1 1 0 0 1 1 0.22 0.197 0.44 0.3582 0
"1106" 146 "2011-02-18" "2011" 2 5 19 0 1 1 0.62 0.6212 0.29 0.5821 16
"15617" 301 "2012-10-17" "2012" 10 3 21 0 1 1 0.46 0.4545 0.82 0.194 28
"6444" 47 "2011-10-01" "2011" 10 6 1 0 0 1 0.48 0.4697 0.67 0.3284 11
"8817" 4 "2012-01-08" "2012" 1 0 4 0 0 1 0.32 0.303 0.49 0.2537 2
"705" 172 "2011-02-01" "2011" 2 2 17 0 1 2 0.24 0.2879 0.75 0 4
"12066" 157 "2012-05-22" "2012" 5 2 22 0 1 1 0.62 0.5909 0.73 0.0896 17
"14408" 241 "2012-08-28" "2012" 8 2 12 0 1 1 0.8 0.7424 0.49 0.2836 56
"3902" 117 "2011-06-16" "2011" 6 4 11 0 1 2 0.68 0.6364 0.61 0.2985 33
"9795" 38 "2012-02-18" "2012" 2 6 1 0 0 1 0.32 0.3182 0.49 0.1642 7
"673" 182 "2011-01-31" "2011" 1 1 8 0 1 2 0.16 0.1364 0.59 0.2836 3
"13790" 681 "2012-08-02" "2012" 8 4 18 0 1 1 0.8 0.7727 0.59 0.2239 86
"3049" 134 "2011-05-11" "2011" 5 3 22 0 1 1 0.5 0.4848 0.72 0.2537 12
"11417" 212 "2012-04-25" "2012" 4 3 21 0 1 1 0.52 0.5 0.52 0.1343 27
"5950" 233 "2011-09-10" "2011" 9 6 10 0 0 1 0.7 0.6515 0.65 0.2537 85
"14095" 155 "2012-08-15" "2012" 8 3 11 0 1 2 0.74 0.6818 0.58 0.194 80
"12084" 216 "2012-05-23" "2012" 5 3 16 0 1 3 0.7 0.6515 0.61 0.0896 62
"3500" 202 "2011-05-30" "2011" 5 1 17 1 0 1 0.86 0.7879 0.41 0.2239 102
"308" 70 "2011-01-14" "2011" 1 5 7 0 1 1 0.1 0.1212 0.74 0.1642 0
"8549" 29 "2011-12-27" "2011" 12 2 22 0 1 1 0.32 0.3333 0.87 0.0896 3
"12551" 9 "2012-06-12" "2012" 6 2 3 0 1 2 0.66 0.6212 0.69 0.2537 3
"5345" 95 "2011-08-15" "2011" 8 1 14 0 1 1 0.74 0.6818 0.55 0.0896 56
"2201" 83 "2011-04-06" "2011" 4 3 13 0 1 1 0.46 0.4545 0.38 0.4925 29
"843" 54 "2011-02-07" "2011" 2 1 13 0 1 2 0.36 0.3636 0.57 0.0896 10
"11354" 43 "2012-04-23" "2012" 4 1 6 0 1 2 0.3 0.2727 0.81 0.2985 2
"7592" 83 "2011-11-17" "2011" 11 4 22 0 1 1 0.26 0.2424 0.52 0.2537 1
"11915" 222 "2012-05-16" "2012" 5 3 15 0 1 2 0.72 0.6667 0.48 0.1045 52
"14539" 70 "2012-09-02" "2012" 9 0 23 0 0 3 0.66 0.5909 0.89 0.0896 53
"12174" 215 "2012-05-27" "2012" 5 0 10 0 0 1 0.68 0.6364 0.74 0.2537 209
"12739" 102 "2012-06-19" "2012" 6 2 23 0 1 1 0.72 0.697 0.79 0.1343 23
"13160" 218 "2012-07-07" "2012" 7 6 12 0 0 1 0.96 0.8636 0.31 0.3582 124
"1616" 86 "2011-03-12" "2011" 3 6 19 0 0 1 0.42 0.4242 0.54 0.0896 26
"7517" 274 "2011-11-14" "2011" 11 1 19 0 1 1 0.6 0.6212 0.53 0.2985 28
"2230" 265 "2011-04-07" "2011" 4 4 18 0 1 1 0.48 0.4697 0.55 0.2537 68
"5615" 183 "2011-08-26" "2011" 8 5 20 0 1 1 0.72 0.697 0.79 0.0896 39
"17355" 39 "2012-12-30" "2012" 12 0 23 0 0 1 0.2 0.197 0.51 0.2239 10
"621" 15 "2011-01-29" "2011" 1 6 2 0 0 1 0.22 0.2273 0.64 0.1642 0
"414" 32 "2011-01-19" "2011" 1 3 6 0 1 2 0.22 0.2576 0.93 0.0896 0
"9228" 218 "2012-01-25" "2012" 1 3 9 0 1 1 0.24 0.2273 0.7 0.2537 18
"416" 196 "2011-01-19" "2011" 1 3 8 0 1 2 0.24 0.2576 0.93 0.1045 1
"8067" 48 "2011-12-07" "2011" 12 3 18 0 1 3 0.4 0.4091 0.94 0.2985 3
"3955" 275 "2011-06-18" "2011" 6 6 16 0 0 2 0.76 0.697 0.52 0.2239 193
"2876" 388 "2011-05-04" "2011" 5 3 17 0 1 1 0.4 0.4091 0.71 0.2537 22
"16981" 47 "2012-12-15" "2012" 12 6 7 0 0 2 0.24 0.2576 0.75 0.0896 1
"13058" 149 "2012-07-03" "2012" 7 2 6 0 1 1 0.7 0.6515 0.65 0.1343 5
"8765" 24 "2012-01-06" "2012" 1 5 0 0 1 1 0.22 0.2576 0.75 0.0896 1
"7199" 147 "2011-11-01" "2011" 11 2 13 0 1 1 0.48 0.4697 0.55 0.194 20
"5581" 105 "2011-08-25" "2011" 8 4 10 0 1 2 0.74 0.697 0.66 0.2985 37
"5127" 252 "2011-08-06" "2011" 8 6 12 0 0 1 0.8 0.7576 0.55 0.2239 130
"12272" 230 "2012-05-31" "2012" 5 4 12 0 1 1 0.72 0.6515 0.37 0.194 62
"7690" 14 "2011-11-22" "2011" 11 2 0 0 1 3 0.38 0.3939 0.94 0.1045 0
"17060" 191 "2012-12-18" "2012" 12 2 14 0 1 1 0.46 0.4545 0.47 0.4478 56
"4265" 225 "2011-07-01" "2011" 7 5 14 0 1 1 0.82 0.697 0.23 0.194 78
"9990" 2 "2012-02-26" "2012" 2 0 6 0 0 1 0.22 0.197 0.44 0.3284 0
"792" 31 "2011-02-05" "2011" 2 6 10 0 0 3 0.2 0.2121 1 0.1343 3
"13472" 233 "2012-07-20" "2012" 7 5 12 0 1 3 0.68 0.6364 0.83 0.1642 41
"17213" 10 "2012-12-25" "2012" 12 2 0 1 0 3 0.24 0.2576 0.93 0.0896 3
"8731" 69 "2012-01-04" "2012" 1 3 14 0 1 2 0.14 0.1212 0.46 0.2537 6
"4512" 109 "2011-07-11" "2011" 7 1 21 0 1 1 0.7 0.6667 0.79 0.4179 21
"489" 50 "2011-01-22" "2011" 1 6 10 0 0 2 0.04 0.0606 0.41 0.1642 3
"6097" 176 "2011-09-16" "2011" 9 5 14 0 1 2 0.54 0.5152 0.45 0.1642 49
"12707" 176 "2012-06-18" "2012" 6 1 15 0 1 2 0.6 0.5909 0.69 0.194 61
"12291" 369 "2012-06-01" "2012" 6 5 7 0 1 2 0.64 0.5758 0.89 0.194 33
"12789" 28 "2012-06-22" "2012" 6 5 1 0 1 1 0.76 0.7424 0.75 0.1642 3
"133" 158 "2011-01-06" "2011" 1 4 18 0 1 1 0.22 0.2273 0.51 0.1343 5
"9311" 115 "2012-01-28" "2012" 1 6 20 0 0 1 0.4 0.4091 0.35 0.3881 5
"7655" 285 "2011-11-20" "2011" 11 0 13 0 0 2 0.54 0.5152 0.6 0.194 84
"4115" 85 "2011-06-25" "2011" 6 6 8 0 0 1 0.7 0.6515 0.48 0.2537 27
"15950" 120 "2012-11-02" "2012" 11 5 6 0 1 1 0.3 0.303 0.7 0.1642 2
"11179" 65 "2012-04-15" "2012" 4 0 23 0 0 1 0.66 0.6212 0.5 0.3881 25
"13856" 330 "2012-08-05" "2012" 8 0 12 0 0 1 0.86 0.803 0.47 0.5224 161
"16925" 76 "2012-12-12" "2012" 12 3 23 0 1 2 0.28 0.2727 0.56 0.2239 3
"13457" 294 "2012-07-19" "2012" 7 4 21 0 1 3 0.66 0.5909 0.89 0.2537 38
"15705" 383 "2012-10-21" "2012" 10 0 13 0 0 1 0.56 0.5303 0.37 0.2537 243
"7464" 244 "2011-11-12" "2011" 11 6 14 0 0 1 0.5 0.4848 0.36 0.2985 191
"8496" 51 "2011-12-25" "2011" 12 0 16 0 0 1 0.36 0.3636 0.57 0.1045 35
"16138" 11 "2012-11-10" "2012" 11 6 3 0 0 1 0.3 0.3333 0.81 0 9
"5106" 160 "2011-08-05" "2011" 8 5 15 0 1 1 0.76 0.697 0.55 0.2537 50
"12456" 9 "2012-06-08" "2012" 6 5 4 0 1 1 0.52 0.5 0.63 0 1
"1384" 44 "2011-03-02" "2011" 3 3 22 0 1 1 0.3 0.2576 0.26 0.5522 4
"12249" 236 "2012-05-30" "2012" 5 3 13 0 1 1 0.7 0.6515 0.51 0 53
"5699" 180 "2011-08-30" "2011" 8 2 21 0 1 1 0.64 0.6061 0.65 0.0896 43
"12415" 161 "2012-06-06" "2012" 6 3 11 0 1 1 0.62 0.6212 0.43 0.0896 65
"10829" 55 "2012-04-01" "2012" 4 0 7 0 0 2 0.36 0.3485 0.71 0.1343 29
"4745" 97 "2011-07-21" "2011" 7 4 14 0 1 1 0.9 0.8939 0.5 0.3582 50
"13166" 194 "2012-07-07" "2012" 7 6 18 0 0 1 0.94 0.8333 0.29 0.0896 83
"4972" 71 "2011-07-31" "2011" 7 0 1 0 0 1 0.74 0.6818 0.62 0.0896 8
"15861" 111 "2012-10-28" "2012" 10 0 1 0 0 2 0.5 0.4848 0.72 0.2836 22
"13296" 11 "2012-07-13" "2012" 7 5 4 0 1 2 0.66 0.6212 0.61 0 0
"6685" 4 "2011-10-11" "2011" 10 2 2 0 1 2 0.52 0.5 0.94 0.1343 1
"15945" 19 "2012-11-02" "2012" 11 5 1 0 1 1 0.32 0.3182 0.66 0.1642 5
"12047" 5 "2012-05-22" "2012" 5 2 3 0 1 2 0.58 0.5455 0.83 0.1045 0
"9079" 1 "2012-01-19" "2012" 1 4 4 0 1 1 0.12 0.1515 0.54 0.1045 0
"13392" 7 "2012-07-17" "2012" 7 2 4 0 1 1 0.72 0.6818 0.62 0 0
"12235" 40 "2012-05-29" "2012" 5 2 23 0 1 3 0.62 0.5455 0.94 0 10
"14374" 8 "2012-08-27" "2012" 8 1 2 0 1 1 0.62 0.5606 0.88 0.1343 0
"2361" 33 "2011-04-13" "2011" 4 3 6 0 1 3 0.38 0.3939 0.94 0.2239 1
"13077" 96 "2012-07-04" "2012" 7 3 1 1 0 1 0.68 0.6364 0.74 0 27
"13214" 790 "2012-07-09" "2012" 7 1 18 0 1 1 0.76 0.6818 0.48 0.1343 82
"2615" 138 "2011-04-23" "2011" 4 6 20 0 0 2 0.54 0.5152 0.88 0.2537 45
"8172" 2 "2011-12-12" "2011" 12 1 3 0 1 1 0.18 0.2424 0.74 0 0
"3227" 453 "2011-05-19" "2011" 5 4 8 0 1 2 0.52 0.5 0.88 0 34
"9271" 3 "2012-01-27" "2012" 1 5 4 0 1 2 0.4 0.4091 1 0.2985 1
"360" 70 "2011-01-16" "2011" 1 0 11 0 0 1 0.24 0.2273 0.44 0.2537 23
"6933" 135 "2011-10-21" "2011" 10 5 11 0 1 1 0.5 0.4848 0.45 0.2239 39
"8289" 59 "2011-12-17" "2011" 12 6 0 0 0 1 0.3 0.2879 0.49 0.2836 3
"14969" 246 "2012-09-20" "2012" 9 4 21 0 1 1 0.56 0.5303 0.64 0.194 28
"17285" 9 "2012-12-28" "2012" 12 5 1 0 1 1 0.24 0.2273 0.6 0.194 0
"12692" 28 "2012-06-18" "2012" 6 1 0 0 1 1 0.56 0.5303 0.73 0.2537 12
"429" 55 "2011-01-19" "2011" 1 3 21 0 1 1 0.32 0.2879 0.49 0.4179 4
"12073" 29 "2012-05-23" "2012" 5 3 5 0 1 3 0.56 0.5303 0.88 0.2537 6
"4642" 30 "2011-07-17" "2011" 7 0 7 0 0 1 0.64 0.6061 0.73 0.1642 20
"863" 128 "2011-02-08" "2011" 2 2 9 0 1 1 0.24 0.197 0.52 0.4925 7
"14622" 40 "2012-09-06" "2012" 9 4 10 0 1 3 0.66 0.5909 0.94 0.1343 9
"12161" 151 "2012-05-26" "2012" 5 6 21 0 0 2 0.72 0.6818 0.62 0.194 100
"16128" 593 "2012-11-09" "2012" 11 5 17 0 1 1 0.42 0.4242 0.44 0.1343 61
"7207" 114 "2011-11-01" "2011" 11 2 21 0 1 1 0.36 0.3788 0.81 0 13
"5855" 90 "2011-09-06" "2011" 9 2 10 0 1 3 0.54 0.5152 0.83 0.3582 16
"2897" 135 "2011-05-05" "2011" 5 4 14 0 1 1 0.54 0.5152 0.28 0.4478 19
"7483" 97 "2011-11-13" "2011" 11 0 9 0 0 1 0.4 0.4091 0.54 0.2836 38
"16851" 86 "2012-12-09" "2012" 12 0 21 0 0 2 0.36 0.3636 1 0.1045 10
"9965" 3 "2012-02-25" "2012" 2 6 5 0 0 2 0.3 0.2727 0.42 0.2985 0
"4910" 113 "2011-07-28" "2011" 7 4 11 0 1 1 0.84 0.8182 0.56 0.2836 41
"2862" 1 "2011-05-04" "2011" 5 3 3 0 1 3 0.42 0.4242 0.88 0.5224 0
"5487" 239 "2011-08-21" "2011" 8 0 12 0 0 1 0.82 0.803 0.59 0.2836 135
"8775" 102 "2012-01-06" "2012" 1 5 10 0 1 1 0.26 0.2576 0.65 0.194 14
"2951" 137 "2011-05-07" "2011" 5 6 20 0 0 1 0.56 0.5303 0.43 0.1343 82
"5368" 147 "2011-08-16" "2011" 8 2 13 0 1 1 0.76 0.6818 0.48 0.2985 45
"6806" 31 "2011-10-16" "2011" 10 0 3 0 0 1 0.42 0.4242 0.54 0.1343 11
"8467" 52 "2011-12-24" "2011" 12 6 10 0 0 1 0.3 0.2576 0.42 0.4925 4
"1813" 30 "2011-03-21" "2011" 3 1 6 0 1 3 0.32 0.303 0.76 0.2537 2
"16332" 7 "2012-11-18" "2012" 11 0 5 0 0 1 0.28 0.2879 0.81 0.1343 5
"6339" 239 "2011-09-26" "2011" 9 1 16 0 1 1 0.7 0.6515 0.65 0.1642 74
"9097" 90 "2012-01-19" "2012" 1 4 22 0 1 2 0.26 0.2273 0.44 0.4179 0
"14619" 461 "2012-09-06" "2012" 9 4 7 0 1 2 0.7 0.6667 0.84 0.1045 21
"2339" 211 "2011-04-12" "2011" 4 2 8 0 1 3 0.48 0.4697 0.88 0.3881 15
"10256" 282 "2012-03-08" "2012" 3 4 9 0 1 1 0.46 0.4545 0.72 0.4627 19
"6669" 158 "2011-10-10" "2011" 10 1 10 1 0 1 0.56 0.5303 0.73 0.1642 107
"14551" 272 "2012-09-03" "2012" 9 1 11 1 0 2 0.74 0.697 0.7 0.2836 187
"4458" 220 "2011-07-09" "2011" 7 6 15 0 0 1 0.84 0.7273 0.34 0.0896 182
"13771" 134 "2012-08-01" "2012" 8 3 23 0 1 1 0.7 0.6667 0.74 0 18
"14750" 767 "2012-09-11" "2012" 9 2 18 0 1 1 0.64 0.6212 0.36 0.1642 110
"5971" 28 "2011-09-11" "2011" 9 0 7 0 0 1 0.6 0.5455 0.88 0 9
"7587" 379 "2011-11-17" "2011" 11 4 17 0 1 1 0.32 0.2879 0.42 0.3881 20
"14261" 335 "2012-08-22" "2012" 8 3 9 0 1 1 0.68 0.6364 0.65 0 41
"13083" 62 "2012-07-04" "2012" 7 3 7 1 0 1 0.68 0.6364 0.65 0 10
"7325" 130 "2011-11-06" "2011" 11 0 19 0 0 1 0.38 0.3939 0.76 0.194 21
"7689" 29 "2011-11-21" "2011" 11 1 23 0 1 3 0.4 0.4091 0.87 0.1642 4
"2384" 12 "2011-04-14" "2011" 4 4 5 0 1 1 0.34 0.3485 0.76 0.0896 2
"245" 46 "2011-01-11" "2011" 1 2 13 0 1 2 0.2 0.2273 0.59 0.0896 6
"11569" 31 "2012-05-02" "2012" 5 3 5 0 1 1 0.54 0.5152 0.9 0.1343 2
"17243" 26 "2012-12-26" "2012" 12 3 7 0 1 3 0.2 0.1818 0.86 0.3284 0
"6559" 228 "2011-10-05" "2011" 10 3 20 0 1 1 0.52 0.5 0.77 0.1642 18
"1932" 8 "2011-03-26" "2011" 3 6 6 0 0 1 0.18 0.1818 0.55 0.194 2
"12797" 278 "2012-06-22" "2012" 6 5 9 0 1 1 0.76 0.7121 0.58 0.2239 55
"16112" 17 "2012-11-09" "2012" 11 5 1 0 1 1 0.32 0.303 0.53 0.2836 3
"2703" 135 "2011-04-27" "2011" 4 3 12 0 1 1 0.66 0.6061 0.78 0.3284 38
"11308" 149 "2012-04-21" "2012" 4 6 8 0 0 1 0.52 0.5 0.81 0.2537 52
"5677" 56 "2011-08-29" "2011" 8 1 23 0 1 1 0.6 0.6061 0.6 0.0896 19
"12528" 7 "2012-06-11" "2012" 6 1 4 0 1 1 0.64 0.5909 0.78 0.1343 0
"13549" 760 "2012-07-23" "2012" 7 1 17 0 1 1 0.82 0.7727 0.52 0.1343 87
"13855" 282 "2012-08-05" "2012" 8 0 11 0 0 1 0.82 0.7879 0.56 0.4179 155
"3554" 59 "2011-06-01" "2011" 6 3 23 0 1 1 0.74 0.6667 0.51 0.1642 10
"5440" 169 "2011-08-19" "2011" 8 5 13 0 1 2 0.76 0.7121 0.62 0.194 63
"14159" 23 "2012-08-18" "2012" 8 6 3 0 0 1 0.62 0.5606 0.88 0.194 7
"14472" 7 "2012-08-31" "2012" 8 5 4 0 1 1 0.64 0.5758 0.89 0.1343 0
"15635" 284 "2012-10-18" "2012" 10 4 15 0 1 2 0.6 0.6061 0.6 0.194 69
"15546" 87 "2012-10-14" "2012" 10 0 22 0 0 1 0.56 0.5303 0.73 0.3881 38
"46" 9 "2011-01-02" "2011" 1 0 22 0 0 1 0.24 0.2121 0.44 0.2985 0
"6297" 143 "2011-09-24" "2011" 9 6 22 0 0 2 0.62 0.5606 0.88 0 50
"6258" 240 "2011-09-23" "2011" 9 5 7 0 1 3 0.62 0.5455 0.94 0.1343 14
"11579" 204 "2012-05-02" "2012" 5 3 15 0 1 1 0.64 0.6061 0.65 0.194 52
"6812" 151 "2011-10-16" "2011" 10 0 9 0 0 1 0.5 0.4848 0.45 0.2239 39
"16777" 360 "2012-12-06" "2012" 12 4 19 0 1 1 0.26 0.2576 0.6 0.194 13
"7111" 69 "2011-10-28" "2011" 10 5 21 0 1 3 0.32 0.3182 0.7 0.1642 5
"12067" 91 "2012-05-22" "2012" 5 2 23 0 1 1 0.62 0.5909 0.73 0.1045 14
"14714" 172 "2012-09-10" "2012" 9 1 6 0 1 1 0.5 0.4848 0.72 0.1343 8
"5730" 7 "2011-09-01" "2011" 9 4 4 0 1 1 0.56 0.5303 0.83 0.0896 0
"1183" 40 "2011-02-22" "2011" 2 2 7 0 1 2 0.12 0.1212 0.8 0.2836 0
"4989" 213 "2011-07-31" "2011" 7 0 18 0 0 1 0.86 0.7879 0.41 0.2836 91
"7652" 183 "2011-11-20" "2011" 11 0 10 0 0 2 0.44 0.4394 0.72 0.1045 46
"2546" 79 "2011-04-20" "2011" 4 3 23 0 1 1 0.6 0.6212 0.4 0.3284 14
"14627" 228 "2012-09-06" "2012" 9 4 15 0 1 1 0.74 0.697 0.66 0.194 42
"12836" 132 "2012-06-24" "2012" 6 0 0 0 0 1 0.7 0.6515 0.51 0 31
"11847" 232 "2012-05-13" "2012" 5 0 19 0 0 2 0.66 0.6212 0.5 0.4179 107
"4644" 110 "2011-07-17" "2011" 7 0 9 0 0 1 0.72 0.6667 0.58 0.2239 74
"13229" 284 "2012-07-10" "2012" 7 2 9 0 1 1 0.74 0.697 0.66 0.1343 47
"2984" 23 "2011-05-09" "2011" 5 1 5 0 1 1 0.42 0.4242 0.77 0.1642 0
"14573" 293 "2012-09-04" "2012" 9 2 9 0 1 2 0.72 0.697 0.79 0.2239 30
"6336" 139 "2011-09-26" "2011" 9 1 13 0 1 2 0.7 0.6667 0.74 0.1642 48
"16231" 20 "2012-11-14" "2012" 11 3 0 0 1 1 0.26 0.2424 0.56 0.2836 4
"5614" 235 "2011-08-26" "2011" 8 5 19 0 1 1 0.72 0.697 0.79 0.1045 55
"12219" 431 "2012-05-29" "2012" 5 2 7 0 1 1 0.66 0.6061 0.78 0.2239 19
"8550" 24 "2011-12-27" "2011" 12 2 23 0 1 1 0.3 0.303 0.93 0.1343 2
"12421" 652 "2012-06-06" "2012" 6 3 17 0 1 1 0.62 0.6212 0.43 0.1343 72
"9785" 180 "2012-02-17" "2012" 2 5 15 0 1 1 0.42 0.4242 0.35 0.4179 41
"14712" 4 "2012-09-10" "2012" 9 1 4 0 1 1 0.52 0.5 0.68 0.2836 1
"16047" 378 "2012-11-06" "2012" 11 2 7 0 1 1 0.2 0.2121 0.69 0.1642 9
"12356" 38 "2012-06-04" "2012" 6 1 0 0 1 1 0.58 0.5455 0.53 0 11
"10493" 25 "2012-03-18" "2012" 3 0 7 0 0 3 0.42 0.4242 0.88 0.1642 17
"6125" 234 "2011-09-17" "2011" 9 6 18 0 0 2 0.52 0.5 0.72 0.2239 95
"8175" 63 "2011-12-12" "2011" 12 1 6 0 1 1 0.16 0.1818 0.8 0.1045 1
"6840" 156 "2011-10-17" "2011" 10 1 13 0 1 1 0.56 0.5303 0.46 0.0896 49
"6381" 109 "2011-09-28" "2011" 9 3 10 0 1 2 0.62 0.5455 0.94 0 20
"12004" 120 "2012-05-20" "2012" 5 0 8 0 0 1 0.56 0.5303 0.56 0.1642 51
"5184" 156 "2011-08-08" "2011" 8 1 21 0 1 1 0.76 0.7121 0.58 0.0896 30
"8890" 72 "2012-01-11" "2012" 1 3 6 0 1 1 0.2 0.2121 0.86 0.1343 2
"15669" 93 "2012-10-20" "2012" 10 6 1 0 0 1 0.46 0.4545 0.72 0.1343 2
"8544" 109 "2011-12-27" "2011" 12 2 17 0 1 3 0.4 0.4091 0.87 0.1343 6
"7997" 116 "2011-12-04" "2011" 12 0 20 0 0 1 0.36 0.3485 0.76 0.1343 8
"3667" 233 "2011-06-06" "2011" 6 1 16 0 1 1 0.76 0.6667 0.33 0.1343 34
"2551" 4 "2011-04-21" "2011" 4 4 4 0 1 2 0.44 0.4394 0.54 0.4478 2
"16198" 280 "2012-11-12" "2012" 11 1 15 1 0 1 0.56 0.5303 0.64 0.2537 102
"1528" 9 "2011-03-09" "2011" 3 3 0 0 1 1 0.26 0.2879 0.65 0.0896 0
"16559" 252 "2012-11-27" "2012" 11 2 16 0 1 2 0.3 0.2727 0.75 0.2985 5
"10993" 7 "2012-04-08" "2012" 4 0 4 0 0 1 0.4 0.4091 0.4 0 0
"13718" 735 "2012-07-30" "2012" 7 1 18 0 1 1 0.76 0.7121 0.58 0.4179 77
"13073" 160 "2012-07-03" "2012" 7 2 21 0 1 2 0.7 0.6515 0.7 0.2836 36
"1883" 8 "2011-03-24" "2011" 3 4 5 0 1 2 0.28 0.2727 0.93 0.2239 1
"15898" 7 "2012-10-31" "2012" 10 3 2 0 1 2 0.3 0.303 0.81 0.1343 0
"15540" 378 "2012-10-14" "2012" 10 0 16 0 0 1 0.64 0.6212 0.41 0.2985 203
"17281" 51 "2012-12-27" "2012" 12 4 21 0 1 2 0.24 0.2273 0.6 0.2537 12
"5295" 246 "2011-08-13" "2011" 8 6 12 0 0 2 0.66 0.5909 0.89 0.1642 175
"11803" 142 "2012-05-11" "2012" 5 5 23 0 1 1 0.54 0.5152 0.37 0.194 38
"4446" 23 "2011-07-09" "2011" 7 6 3 0 0 1 0.64 0.5758 0.89 0.1343 7
"16011" 203 "2012-11-04" "2012" 11 0 19 0 0 1 0.36 0.3333 0.43 0.2537 24
"10426" 206 "2012-03-15" "2012" 3 4 12 0 1 2 0.62 0.6212 0.5 0.1343 59
"1953" 14 "2011-03-27" "2011" 3 0 3 0 0 3 0.2 0.197 0.69 0.2239 0
"15382" 12 "2012-10-08" "2012" 10 1 2 1 0 1 0.34 0.3333 0.81 0.194 3
"3447" 213 "2011-05-28" "2011" 5 6 12 0 0 1 0.72 0.6667 0.58 0.2537 145
"10230" 332 "2012-03-07" "2012" 3 3 7 0 1 1 0.26 0.2273 0.65 0.3881 12
"13598" 787 "2012-07-25" "2012" 7 3 18 0 1 1 0.8 0.697 0.27 0.1343 104
"7645" 31 "2011-11-20" "2011" 11 0 3 0 0 2 0.4 0.4091 0.66 0.2836 6
"4343" 191 "2011-07-04" "2011" 7 1 20 1 0 2 0.76 0.697 0.55 0.1045 195
"1730" 265 "2011-03-17" "2011" 3 4 17 0 1 1 0.5 0.4848 0.42 0.194 48
"7447" 79 "2011-11-11" "2011" 11 5 21 1 0 1 0.3 0.303 0.45 0.1642 4
"1589" 95 "2011-03-11" "2011" 3 5 16 0 1 2 0.34 0.303 0.49 0.2985 18
"13877" 248 "2012-08-06" "2012" 8 1 9 0 1 3 0.7 0.6667 0.79 0.1642 28
"6811" 71 "2011-10-16" "2011" 10 0 8 0 0 1 0.44 0.4394 0.62 0.194 28
"13945" 37 "2012-08-09" "2012" 8 4 5 0 1 2 0.66 0.5909 0.94 0 4
"13454" 684 "2012-07-19" "2012" 7 4 18 0 1 1 0.86 0.7879 0.41 0.194 93
"1395" 135 "2011-03-03" "2011" 3 4 9 0 1 1 0.16 0.1364 0.37 0.2836 10
"8843" 85 "2012-01-09" "2012" 1 1 6 0 1 2 0.22 0.2273 0.6 0.1343 3
"6380" 141 "2011-09-28" "2011" 9 3 9 0 1 3 0.62 0.5455 0.94 0.2239 14
"3493" 153 "2011-05-30" "2011" 5 1 10 1 0 1 0.8 0.7576 0.55 0.2537 116
"14188" 90 "2012-08-19" "2012" 8 0 8 0 0 2 0.64 0.6061 0.69 0.1045 34
"12179" 245 "2012-05-27" "2012" 5 0 15 0 0 1 0.78 0.7121 0.52 0.2836 290
"4313" 150 "2011-07-03" "2011" 7 0 14 0 0 1 0.82 0.7879 0.56 0.2537 225
"15358" 64 "2012-10-07" "2012" 10 0 2 0 0 1 0.42 0.4242 0.62 0.1343 10
"4048" 113 "2011-06-22" "2011" 6 3 13 0 1 2 0.82 0.7879 0.56 0.2537 34
"6859" 474 "2011-10-18" "2011" 10 2 8 0 1 1 0.5 0.4848 0.77 0.0896 25
"3881" 128 "2011-06-15" "2011" 6 3 14 0 1 1 0.74 0.6515 0.28 0 50
"2319" 97 "2011-04-11" "2011" 4 1 12 0 1 2 0.6 0.5909 0.73 0.3284 37
"6736" 16 "2011-10-13" "2011" 10 4 5 0 1 2 0.54 0.5152 1 0.1045 1
"4792" 167 "2011-07-23" "2011" 7 6 13 0 0 1 0.94 0.8788 0.38 0.1642 78
"14462" 744 "2012-08-30" "2012" 8 4 18 0 1 1 0.8 0.7121 0.38 0.1343 109
"15835" 159 "2012-10-26" "2012" 10 5 23 0 1 1 0.52 0.5 0.83 0.1642 19
"13538" 148 "2012-07-23" "2012" 7 1 6 0 1 2 0.68 0.6364 0.89 0.0896 9
"11382" 129 "2012-04-24" "2012" 4 2 10 0 1 1 0.42 0.4242 0.47 0.2985 33
"14411" 258 "2012-08-28" "2012" 8 2 15 0 1 1 0.82 0.7273 0.34 0.2985 59
"1947" 36 "2011-03-26" "2011" 3 6 21 0 0 2 0.26 0.2576 0.44 0.194 15
"3056" 27 "2011-05-12" "2011" 5 4 5 0 1 1 0.42 0.4242 0.94 0.1343 2
"12553" 28 "2012-06-12" "2012" 6 2 5 0 1 3 0.6 0.5455 0.88 0.1343 1
"5031" 112 "2011-08-02" "2011" 8 2 12 0 1 1 0.86 0.7424 0.3 0.2836 45
"8163" 151 "2011-12-11" "2011" 12 0 18 0 0 1 0.24 0.2273 0.48 0.194 12
"16261" 146 "2012-11-15" "2012" 11 4 6 0 1 2 0.3 0.2879 0.65 0.2537 1
"9966" 12 "2012-02-25" "2012" 2 6 6 0 0 2 0.3 0.2727 0.42 0.2985 1
"1133" 42 "2011-02-19" "2011" 2 6 22 0 0 1 0.3 0.2576 0.28 0.4925 2
"2297" 142 "2011-04-10" "2011" 4 0 13 0 0 1 0.46 0.4545 0.82 0.1045 121
"12801" 228 "2012-06-22" "2012" 6 5 13 0 1 1 0.88 0.803 0.39 0.2239 72
"14779" 111 "2012-09-12" "2012" 9 3 23 0 1 1 0.56 0.5303 0.68 0.1045 16
"13179" 33 "2012-07-08" "2012" 7 0 7 0 0 1 0.8 0.803 0.66 0 19
"4656" 148 "2011-07-17" "2011" 7 0 21 0 0 1 0.74 0.6818 0.62 0.2239 59
"9776" 70 "2012-02-17" "2012" 2 5 6 0 1 2 0.28 0.2879 0.96 0.1343 1
"1459" 27 "2011-03-06" "2011" 3 0 1 0 0 2 0.42 0.4242 0.77 0.2836 12
"14823" 496 "2012-09-14" "2012" 9 5 19 0 1 1 0.68 0.6364 0.57 0.1642 83
"6936" 131 "2011-10-21" "2011" 10 5 14 0 1 1 0.52 0.5 0.42 0.2985 67
"9534" 3 "2012-02-07" "2012" 2 2 4 0 1 2 0.3 0.3333 0.7 0 0
"2690" 71 "2011-04-26" "2011" 4 2 23 0 1 2 0.6 0.5606 0.83 0.2239 7
"8600" 10 "2011-12-30" "2011" 12 5 2 0 1 1 0.24 0.2576 0.7 0.1045 2
"9376" 171 "2012-01-31" "2012" 1 2 13 0 1 1 0.46 0.4545 0.36 0.2239 27
"11755" 47 "2012-05-09" "2012" 5 3 23 0 1 3 0.48 0.4697 0.82 0.194 8
"14236" 696 "2012-08-21" "2012" 8 2 8 0 1 1 0.6 0.5758 0.78 0.1343 27
"1898" 110 "2011-03-24" "2011" 3 4 20 0 1 1 0.28 0.2576 0.61 0.2836 8
"6836" 180 "2011-10-17" "2011" 10 1 9 0 1 2 0.5 0.4848 0.45 0.2836 26
"17373" 150 "2012-12-31" "2012" 12 1 17 0 1 2 0.26 0.2879 0.48 0.0896 14
"14469" 24 "2012-08-31" "2012" 8 5 1 0 1 1 0.68 0.6364 0.83 0.1642 8
"14675" 337 "2012-09-08" "2012" 9 6 15 0 0 3 0.56 0.5303 0.88 0.2537 175
"10630" 111 "2012-03-24" "2012" 3 6 0 0 0 1 0.58 0.5455 0.68 0 45
"5593" 126 "2011-08-25" "2011" 8 4 22 0 1 1 0.62 0.5758 0.83 0 21
"521" 45 "2011-01-23" "2011" 1 0 19 0 0 1 0.12 0.1212 0.3 0.2836 5
"10732" 111 "2012-03-28" "2012" 3 3 6 0 1 1 0.36 0.3333 0.46 0.3582 4
"213" 1 "2011-01-10" "2011" 1 1 3 0 1 1 0.12 0.1212 0.5 0.2239 0
"11426" 122 "2012-04-26" "2012" 4 4 6 0 1 2 0.48 0.4697 0.63 0.2537 5
"5783" 118 "2011-09-03" "2011" 9 6 9 0 0 2 0.66 0.6212 0.69 0.2537 83
"4267" 342 "2011-07-01" "2011" 7 5 16 0 1 1 0.82 0.697 0.17 0 85
"9151" 1 "2012-01-22" "2012" 1 0 4 0 0 3 0.16 0.1364 0.8 0.2836 1
"8510" 17 "2011-12-26" "2011" 12 1 7 1 0 1 0.32 0.3182 0.45 0.194 2
"2445" 32 "2011-04-16" "2011" 4 6 18 0 0 2 0.5 0.4848 0.94 0.3881 6
"11297" 252 "2012-04-20" "2012" 4 5 21 0 1 1 0.56 0.5303 0.68 0.1343 35
"7926" 154 "2011-12-01" "2011" 12 4 21 0 1 1 0.3 0.3182 0.61 0.1045 8
"13128" 4 "2012-07-06" "2012" 7 5 4 0 1 1 0.74 0.697 0.66 0.2239 2
"12738" 240 "2012-06-19" "2012" 6 2 22 0 1 1 0.72 0.697 0.79 0.0896 51
"4025" 108 "2011-06-21" "2011" 6 2 14 0 1 1 0.76 0.7121 0.62 0.2239 44
"16403" 10 "2012-11-21" "2012" 11 3 4 0 1 1 0.28 0.2879 0.87 0.1045 0
"11106" 143 "2012-04-12" "2012" 4 4 22 0 1 1 0.42 0.4242 0.35 0.194 15
"14609" 278 "2012-09-05" "2012" 9 3 21 0 1 1 0.72 0.697 0.79 0 18
"7763" 12 "2011-11-25" "2011" 11 5 1 0 1 1 0.34 0.3636 0.76 0 2
"1903" 5 "2011-03-25" "2011" 3 5 1 0 1 1 0.2 0.2121 0.69 0.1642 0
"8250" 274 "2011-12-15" "2011" 12 4 9 0 1 2 0.36 0.3333 0.62 0.2836 6
"14086" 7 "2012-08-15" "2012" 8 3 2 0 1 1 0.68 0.6364 0.65 0 1
"12045" 16 "2012-05-22" "2012" 5 2 1 0 1 2 0.58 0.5455 0.83 0.1343 11
"3423" 190 "2011-05-27" "2011" 5 5 12 0 1 2 0.76 0.697 0.55 0.2985 53
"8429" 33 "2011-12-22" "2011" 12 4 20 0 1 3 0.42 0.4242 0.71 0 0
"10648" 110 "2012-03-24" "2012" 3 6 18 0 0 3 0.46 0.4545 0.94 0.2239 27
"2977" 86 "2011-05-08" "2011" 5 0 22 0 0 1 0.5 0.4848 0.88 0.0896 29
"9855" 206 "2012-02-20" "2012" 2 1 14 1 0 1 0.32 0.3182 0.36 0.194 57
"13076" 140 "2012-07-04" "2012" 7 3 0 1 0 1 0.68 0.6364 0.79 0.0896 19
"4424" 24 "2011-07-08" "2011" 7 5 5 0 1 1 0.68 0.6364 0.79 0.2537 3
"7586" 187 "2011-11-17" "2011" 11 4 16 0 1 1 0.32 0.2879 0.39 0.4179 8
"6024" 136 "2011-09-13" "2011" 9 2 13 0 1 1 0.74 0.6667 0.51 0.2836 48
"6541" 2 "2011-10-05" "2011" 10 3 2 0 1 1 0.46 0.4545 0.82 0.1642 1
"2562" 166 "2011-04-21" "2011" 4 4 15 0 1 1 0.52 0.5 0.29 0.4179 69
"2186" 43 "2011-04-05" "2011" 4 2 22 0 1 1 0.32 0.303 0.49 0.2985 3
"12554" 130 "2012-06-12" "2012" 6 2 6 0 1 2 0.6 0.5455 0.88 0.1343 6
"2699" 413 "2011-04-27" "2011" 4 3 8 0 1 2 0.58 0.5455 0.88 0.3284 31
"2500" 2 "2011-04-19" "2011" 4 2 1 0 1 1 0.46 0.4545 0.63 0.2239 5
"2912" 16 "2011-05-06" "2011" 5 5 5 0 1 1 0.34 0.3485 0.81 0.1045 0
"3062" 136 "2011-05-12" "2011" 5 4 11 0 1 1 0.58 0.5455 0.6 0.2239 43
"6690" 333 "2011-10-11" "2011" 10 2 7 0 1 2 0.52 0.5 0.88 0.0896 19
"3736" 118 "2011-06-09" "2011" 6 4 13 0 1 1 0.9 0.8182 0.37 0.0896 18
"9912" 30 "2012-02-23" "2012" 2 4 0 0 1 2 0.44 0.4394 0.47 0.2537 12
"15548" 31 "2012-10-15" "2012" 10 1 0 0 1 2 0.56 0.5303 0.73 0.2537 17
"12128" 237 "2012-05-25" "2012" 5 5 12 0 1 1 0.72 0.6818 0.66 0.1045 84
"13463" 29 "2012-07-20" "2012" 7 5 3 0 1 2 0.66 0.5909 0.89 0.1045 7
"1050" 59 "2011-02-16" "2011" 2 3 11 0 1 1 0.34 0.303 0.34 0.2985 7
"14079" 533 "2012-08-14" "2012" 8 2 19 0 1 1 0.76 0.7273 0.66 0.194 94
"14533" 284 "2012-09-02" "2012" 9 0 17 0 0 1 0.76 0.7273 0.66 0.0896 219
"12584" 241 "2012-06-13" "2012" 6 3 12 0 1 2 0.68 0.6364 0.44 0.4179 93
"6952" 17 "2011-10-22" "2011" 10 6 6 0 0 1 0.36 0.3788 0.71 0 1
"2573" 7 "2011-04-22" "2011" 4 5 2 0 1 1 0.36 0.3333 0.53 0.2985 2
"4316" 177 "2011-07-03" "2011" 7 0 17 0 0 3 0.8 0.7424 0.49 0.8507 181
"7848" 132 "2011-11-28" "2011" 11 1 15 0 1 1 0.58 0.5455 0.6 0.1642 18
"14691" 50 "2012-09-09" "2012" 9 0 7 0 0 1 0.54 0.5152 0.73 0.1642 20

